374
Round: 0
0.197541452258 0.237967914439
8526.86585778 897.774251602
Round: 1
0.106060606061 0.131016042781
6645.03239134 691.410393151
Round: 2
0.255288736421 0.29679144385
5197.53892242 530.893738726
Round: 3
0.388793596341 0.465240641711
4445.88590425 447.153845448
Round: 4
0.518010291595 0.601604278075
3944.79154062 390.949532523
Round: 5
0.594625500286 0.695187165775
3595.73923309 351.247025342
Round: 6
0.653230417381 0.735294117647
3290.15859943 316.77915334
Round: 7
0.685248713551 0.772727272727
3046.48320206 289.078139472
Round: 8
0.692967409949 0.786096256684
2871.09544651 268.680768684
Round: 9
0.700971983991 0.802139037433
2732.44357326 252.486090802
Round: 10
0.704116638079 0.812834224599
2608.14769481 238.23590362
Round: 11
0.709262435678 0.818181818182
2489.80272074 225.038724108
Round: 12
0.714979988565 0.820855614973
2376.65860246 212.751716523
Round: 13
0.720411663808 0.828877005348
2271.37940121 201.54423676
Round: 14
0.728130360206 0.831550802139
2177.18244541 191.622651974
Round: 15
0.735563178959 0.831550802139
2095.91978101 183.075160419
Round: 16
0.742995997713 0.836898395722
2027.4231102 175.830932625
Round: 17
0.752144082333 0.844919786096
1970.04331541 169.707345831
Round: 18
0.758719268153 0.847593582888
1921.58274869 164.485208139
Round: 19
0.767867352773 0.850267379679
1879.9526949 159.961851973
Round: 20
0.777301315037 0.852941176471
1843.44885804 155.972735802
Round: 21
0.783018867925 0.855614973262
1810.78704391 152.393089114
Round: 22
0.787592910234 0.858288770053
1781.03850846 149.131308969
Round: 23
0.791595197256 0.860962566845
1753.54479676 146.120804672
Round: 24
0.795025728988 0.866310160428
1727.84485716 143.313029599
Round: 25
0.79845626072 0.871657754011
1703.62192515 140.67234016
Round: 26
0.802172670097 0.879679144385
1680.66706929 138.172467932
Round: 27
0.804459691252 0.879679144385
1658.85311497 135.794144596
Round: 28
0.807032590051 0.879679144385
1638.11304469 133.523427006
Round: 29
0.809033733562 0.893048128342
1618.41932468 131.350387654
Round: 30
0.81017724414 0.893048128342
1599.76380534 129.267998431
Round: 31
0.813036020583 0.893048128342
1582.14036291 127.271179377
Round: 32
0.815037164094 0.893048128342
1565.53297042 125.356050476
Round: 33
0.81675242996 0.893048128342
1549.91041159 123.519406979
Round: 34
0.818753573471 0.893048128342
1535.22672829 121.758389192
Round: 35
0.819611206404 0.895721925134
1521.42515035 120.070292582
Round: 36
0.819897084048 0.898395721925
1508.44315872 118.452473016
Round: 37
0.821898227559 0.901069518717
1496.21705571 116.902318291
Round: 38
0.823041738136 0.906417112299
1484.68531319 115.417261761
Round: 39
0.824185248714 0.909090909091
1473.790629 113.994812012
Round: 40
0.824471126358 0.909090909091
1463.48094093 112.632576292
Round: 41
0.825328759291 0.909090909091
1453.709714 111.328266361
Round: 42
0.825328759291 0.909090909091
1444.43576536 110.07968706
Round: 43
0.824757004002 0.909090909091
1435.62281714 108.884714644
Round: 44
0.825042881647 0.909090909091
1427.2389101 107.741273311
Round: 45
0.82590051458 0.917112299465
1419.25577251 106.647316242
Round: 46
0.827329902802 0.917112299465
1411.64821099 105.600814397
Round: 47
0.827329902802 0.919786096257
1404.39356646 104.599753613
Round: 48
0.82790165809 0.919786096257
1397.47125785 103.642138727
Round: 49
0.828473413379 0.919786096257
1390.86241957 102.726002618
Round: 50
0.828473413379 0.919786096257
1384.54962672 101.849417855
Round: 51
0.829045168668 0.92513368984
1378.51669497 101.01050895
Round: 52
0.829616923957 0.92513368984
1372.74853923 100.207463694
Round: 53
0.830188679245 0.92513368984
1367.23107513 99.438542614
Round: 54
0.83047455689 0.92513368984
1361.95114956 98.7020860722
Round: 55
0.830760434534 0.92513368984
1356.89648893 97.9965189049
Round: 56
0.830760434534 0.92513368984
1352.05565719 97.3203527569
Round: 57
0.831332189823 0.927807486631
1347.41801819 96.6721864161
Round: 58
0.831618067467 0.927807486631
1342.97369881 96.0507045135
Round: 59
0.832189822756 0.930481283422
1338.71355155 95.454674967
Round: 60
0.832189822756 0.930481283422
1334.62911566 94.8829455145
Round: 61
0.832189822756 0.930481283422
1330.71257713 94.3344396407
Round: 62
0.8324757004 0.930481283422
1326.956728 93.8081521493
Round: 63
0.832761578045 0.930481283422
1323.35492549 93.3031445809
Round: 64
0.832761578045 0.930481283422
1319.90105177 92.8185406354
Round: 65
0.832761578045 0.933155080214
1316.58947501 92.3535217147
Round: 66
0.832761578045 0.933155080214
1313.41501201 91.9073226746
Round: 67
0.833619210978 0.933155080214
1310.37289318 91.4792278481
Round: 68
0.834190966266 0.933155080214
1307.45872982 91.068567383
Round: 69
0.834762721555 0.933155080214
1304.66848425 90.6747139258
Round: 70
0.834762721555 0.933155080214
1301.99844274 90.2970796698
Round: 71
0.8350485992 0.933155080214
1299.44519141 89.935113782
Round: 72
0.8350485992 0.933155080214
1297.00559506 89.5883002154
Round: 73
0.835334476844 0.933155080214
1294.67677901 89.2561559101
Round: 74
0.835334476844 0.933155080214
1292.45611372 88.9382293814
Round: 75
0.835334476844 0.933155080214
1290.34120207 88.6340996886
Round: 76
0.835334476844 0.933155080214
1288.32986915 88.3433757695
Round: 77
0.8350485992 0.933155080214
1286.42015391 88.0656961165
Round: 78
0.8350485992 0.933155080214
1284.61030253 87.8007287546
Round: 79
0.8350485992 0.933155080214
1282.89876251 87.5481714681
Round: 80
0.8350485992 0.933155080214
1281.28417677 87.3077521973
Round: 81
0.835334476844 0.933155080214
1279.7653767 87.0792295089
Round: 82
0.835334476844 0.933155080214
1278.34137285 86.8623930218
Round: 83
0.835334476844 0.933155080214
1277.01134198 86.657063654
Round: 84
0.835334476844 0.933155080214
1275.77460911 86.4630935565
Round: 85
0.835334476844 0.933155080214
1274.63062324 86.2803656133
Round: 86
0.835334476844 0.933155080214
1273.57892606 86.1087924308
Round: 87
0.835334476844 0.933155080214
1272.61911301 85.9483148045
Round: 88
0.835334476844 0.933155080214
1271.75078695 85.7988997418
Round: 89
0.835334476844 0.933155080214
1270.97350454 85.6605382141
Round: 90
0.835334476844 0.933155080214
1270.28671524 85.5332428752
Round: 91
0.835334476844 0.933155080214
1269.68969048 85.4170459872
Round: 92
0.835334476844 0.933155080214
1269.18143601 85.3119976844
Round: 93
0.835334476844 0.933155080214
1268.76057164 85.2181644746
Round: 94
0.835334476844 0.933155080214
1268.42514786 85.1356275539
Round: 95
0.835334476844 0.933155080214
1268.17234322 85.0644801985
Round: 96
0.835334476844 0.933155080214
1267.99794109 85.0048233841
Round: 97
0.835334476844 0.933155080214
1267.89539598 84.9567592461
Round: 98
0.835620354488 0.933155080214
1267.85411341 84.920384115
Round: 99
0.835620354488 0.933155080214
1267.85615709 84.8957915309
(0.835620354488279, [[334, 245, 511, 400, 356, 176, 397, 288, 362, 429], [334, 245, 511, 400, 356, 176, 397, 288, 362, 429], [334, 245, 511, 400, 356, 176, 397, 288, 362, 429], [334, 245, 511, 400, 356, 176, 397, 288, 362, 429], [334, 245, 511, 400, 356, 176, 397, 288, 362, 429], [334, 245, 511, 400, 356, 176, 397, 288, 362, 429], [334, 245, 511, 400, 356, 176, 397, 288, 362, 429], [334, 245, 511, 400, 356, 176, 397, 288, 362, 429], [334, 245, 511, 400, 356, 176, 397, 288, 362, 429], [334, 245, 511, 400, 356, 176, 397, 288, 362, 429]]) (0.9331550802139037, [[44, 27, 51, 36, 46, 22, 39, 40, 25, 44], [44, 27, 51, 36, 46, 22, 39, 40, 25, 44], [44, 27, 51, 36, 46, 22, 39, 40, 25, 44], [44, 27, 51, 36, 46, 22, 39, 40, 25, 44], [44, 27, 51, 36, 46, 22, 39, 40, 25, 44], [44, 27, 51, 36, 46, 22, 39, 40, 25, 44], [44, 27, 51, 36, 46, 22, 39, 40, 25, 44], [44, 27, 51, 36, 46, 22, 39, 40, 25, 44], [44, 27, 51, 36, 46, 22, 39, 40, 25, 44], [44, 27, 51, 36, 46, 22, 39, 40, 25, 44]])
Semi-supervised phase
Round: 100
0.836192109777 0.930481283422
1641.58824066 121.346887628
Round: 101
0.83704974271 0.930481283422
1630.68841854 120.340099783
Round: 102
0.837335620354 0.930481283422
1620.40190278 119.364211092
Round: 103
0.837335620354 0.930481283422
1610.58023348 118.41945068
Round: 104
0.83704974271 0.930481283422
1601.12860141 117.503873951
Round: 105
0.83704974271 0.930481283422
1591.98759133 116.615777754
Round: 106
0.836763865066 0.933155080214
1583.11988986 115.753614042
Round: 107
0.83704974271 0.933155080214
1574.50104312 114.915965983
Round: 108
0.83704974271 0.933155080214
1566.1143778 114.101530105
Round: 109
0.837621497999 0.935828877005
1557.94792903 113.309093195
Round: 110
0.837907375643 0.935828877005
1549.9924788 112.53752651
Round: 111
0.838193253288 0.935828877005
1542.24037059 111.785766026
Round: 112
0.838479130932 0.935828877005
1534.68505988 111.052809353
Round: 113
0.838479130932 0.935828877005
1527.32000361 110.337712081
Round: 114
0.838479130932 0.935828877005
1520.13979101 109.639584741
Round: 115
0.838765008576 0.935828877005
1513.13901744 108.957588023
Round: 116
0.838479130932 0.935828877005
1506.31200383 108.290953217
Round: 117
0.838479130932 0.935828877005
1499.65361087 107.638960585
Round: 118
0.838479130932 0.935828877005
1493.15827948 107.000942317
Round: 119
0.838479130932 0.935828877005
1486.8210943 106.376277535
Round: 120
0.838479130932 0.938502673797
1480.63693739 105.764402938
Round: 121
0.838193253288 0.938502673797
1474.60139787 105.164804687
Round: 122
0.838193253288 0.938502673797
1468.70934366 104.577016148
Round: 123
0.839050886221 0.938502673797
1462.95624469 104.000597178
Round: 124
0.839908519154 0.938502673797
1457.33805757 103.435155299
Round: 125
0.840194396798 0.938502673797
1451.85083706 102.880337145
Round: 126
0.840194396798 0.938502673797
1446.49046597 102.335815883
Round: 127
0.840766152087 0.938502673797
1441.25320173 101.801287531
Round: 128
0.841052029731 0.938502673797
1436.13529398 101.276484165
Round: 129
0.841052029731 0.938502673797
1431.13420168 100.761142691
Round: 130
0.841052029731 0.938502673797
1426.24641917 100.25503462
Round: 131
0.841337907376 0.938502673797
1421.46893639 99.7579511327
Round: 132
0.84162378502 0.938502673797
1416.79895281 99.2696769061
Round: 133
0.84162378502 0.938502673797
1412.23321482 98.7900319227
Round: 134
0.841909662664 0.938502673797
1407.76917561 98.3188403693
Round: 135
0.841909662664 0.935828877005
1403.40484396 97.8559259788
Round: 136
0.842481417953 0.935828877005
1399.13795732 97.4011310221
Round: 137
0.842481417953 0.935828877005
1394.96572538 96.9543034886
Round: 138
0.842481417953 0.935828877005
1390.88576828 96.5152880054
Round: 139
0.842481417953 0.935828877005
1386.89602328 96.0839546996
Round: 140
0.842195540309 0.935828877005
1382.99469086 95.6601674865
Round: 141
0.842195540309 0.935828877005
1379.17931584 95.2437762249
Round: 142
0.842195540309 0.935828877005
1375.4478458 94.8346644249
Round: 143
0.842481417953 0.935828877005
1371.79827172 94.4327018953
Round: 144
0.842481417953 0.935828877005
1368.22854963 94.0377628569
Round: 145
0.842481417953 0.935828877005
1364.73623784 93.6497267587
Round: 146
0.842481417953 0.935828877005
1361.31945586 93.2684485722
Round: 147
0.842767295597 0.935828877005
1357.97578288 92.8938243964
Round: 148
0.842767295597 0.935828877005
1354.7042382 92.5257369268
Round: 149
0.842767295597 0.935828877005
1351.50337218 92.1640365486
Round: 150
0.842481417953 0.935828877005
1348.37096808 91.8086113044
Round: 151
0.842481417953 0.935828877005
1345.30415437 91.4593450143
Round: 152
0.842767295597 0.935828877005
1342.30247337 91.1161086372
Round: 153
0.843053173242 0.935828877005
1339.36377802 90.7787745938
Round: 154
0.843053173242 0.938502673797
1336.48571259 90.4472471323
Round: 155
0.843339050886 0.938502673797
1333.66752958 90.1214082878
Round: 156
0.842767295597 0.938502673797
1330.90673786 89.8011293016
Round: 157
0.842767295597 0.938502673797
1328.20191137 89.4862983047
Round: 158
0.843339050886 0.938502673797
1325.55138023 89.1767973406
Round: 159
0.843339050886 0.938502673797
1322.95339959 88.8725101081
Round: 160
0.843910806175 0.938502673797
1320.40662336 88.5733080355
Round: 161
0.843910806175 0.938502673797
1317.90913048 88.2790856294
Round: 162
0.843624928531 0.938502673797
1315.45957251 87.9897351009
Round: 163
0.843910806175 0.938502673797
1313.05642032 87.7051425957
Round: 164
0.843910806175 0.938502673797
1310.69829533 87.4251829717
Round: 165
0.843910806175 0.938502673797
1308.38363361 87.1497674946
Round: 166
0.844196683819 0.938502673797
1306.11139832 86.8787690216
Round: 167
0.844768439108 0.938502673797
1303.8797305 86.6121046038
Round: 168
0.844768439108 0.938502673797
1301.6875606 86.3496534662
Round: 169
0.844768439108 0.938502673797
1299.53355349 86.0913096489
Round: 170
0.844768439108 0.938502673797
1297.41625969 85.8369808335
Round: 171
0.844768439108 0.938502673797
1295.33533062 85.5865649
Round: 172
0.844768439108 0.938502673797
1293.28817657 85.3399746799
Round: 173
0.845054316752 0.938502673797
1291.27541191 85.0970869744
Round: 174
0.845054316752 0.938502673797
1289.29314996 84.8578047338
Round: 175
0.845054316752 0.938502673797
1287.34259863 84.6220523749
Round: 176
0.844768439108 0.938502673797
1285.42308073 84.3897272231
Round: 177
0.844768439108 0.938502673797
1283.53344949 84.160746221
Round: 178
0.844482561464 0.938502673797
1281.67272658 83.9350240984
Round: 179
0.845054316752 0.938502673797
1279.83914931 83.7124867614
Round: 180
0.845054316752 0.938502673797
1278.03289588 83.4930288762
Round: 181
0.845054316752 0.941176470588
1276.25341269 83.2765653858
Round: 182
0.845054316752 0.941176470588
1274.49930479 83.0630433773
Round: 183
0.844768439108 0.941176470588
1272.76896517 82.8523915555
Round: 184
0.845054316752 0.941176470588
1271.06309381 82.644504618
Round: 185
0.845054316752 0.946524064171
1269.38049451 82.4393412495
Round: 186
0.845340194397 0.946524064171
1267.72079902 82.2368094237
Round: 187
0.845340194397 0.946524064171
1266.0830667 82.0368462304
Round: 188
0.845340194397 0.946524064171
1264.46671974 81.8393787124
Round: 189
0.845054316752 0.946524064171
1262.8711342 81.6443440402
Round: 190
0.845340194397 0.946524064171
1261.29578136 81.4516812249
Round: 191
0.845340194397 0.946524064171
1259.7393047 81.2613383786
Round: 192
0.845626072041 0.946524064171
1258.20209345 81.0732108514
Round: 193
0.845911949686 0.946524064171
1256.68350454 80.8872858887
Round: 194
0.84619782733 0.946524064171
1255.18309968 80.7035005846
Round: 195
0.84619782733 0.946524064171
1253.69909742 80.5218185167
Round: 196
0.846483704974 0.946524064171
1252.23197468 80.3422005452
Round: 197
0.846483704974 0.946524064171
1250.78223556 80.1645400028
Round: 198
0.846769582619 0.946524064171
1249.34887597 79.9887867501
Round: 199
0.846769582619 0.946524064171
1247.93121408 79.814901328
Round: 200
0.847055460263 0.946524064171
1246.52922453 79.6428561167
Round: 201
0.847055460263 0.946524064171
1245.14242143 79.4725905881
Round: 202
0.847055460263 0.946524064171
1243.76960792 79.3040611687
Round: 203
0.847055460263 0.946524064171
1242.41138908 79.1372267901
Round: 204
0.847341337907 0.946524064171
1241.06733638 78.9720453509
Round: 205
0.847341337907 0.946524064171
1239.73673552 78.8084918837
Round: 206
0.847341337907 0.946524064171
1238.4192474 78.6465107072
Round: 207
0.847341337907 0.946524064171
1237.11498682 78.4860646335
Round: 208
0.847055460263 0.946524064171
1235.82379316 78.3271210285
Round: 209
0.847341337907 0.946524064171
1234.54495143 78.169638862
Round: 210
0.847627215552 0.946524064171
1233.27756638 78.0136070989
Round: 211
0.847913093196 0.946524064171
1232.0224827 77.8589675329
Round: 212
0.84819897084 0.946524064171
1230.77876881 77.7056811197
Round: 213
0.84819897084 0.946524064171
1229.54655021 77.5537440759
Round: 214
0.848484848485 0.946524064171
1228.32559596 77.4031040985
Round: 215
0.848770726129 0.946524064171
1227.11521264 77.2537132408
Round: 216
0.849056603774 0.946524064171
1225.9159121 77.1055728738
Round: 217
0.849342481418 0.946524064171
1224.72674521 76.9586596988
Round: 218
0.849056603774 0.946524064171
1223.54642678 76.8129556084
Round: 219
0.849056603774 0.946524064171
1222.37680101 76.6684004292
Round: 220
0.849056603774 0.946524064171
1221.21714453 76.5249900849
Round: 221
0.849056603774 0.946524064171
1220.06685879 76.3827061127
Round: 222
0.849056603774 0.946524064171
1218.9246616 76.2415415218
Round: 223
0.849056603774 0.946524064171
1217.7908744 76.1014478431
Round: 224
0.849342481418 0.946524064171
1216.66689834 75.9624190642
Round: 225
0.849342481418 0.946524064171
1215.55191554 75.8244172921
Round: 226
0.849342481418 0.946524064171
1214.44497413 75.6874566933
Round: 227
0.849342481418 0.946524064171
1213.3469677 75.5514900333
Round: 228
0.849342481418 0.946524064171
1212.25770806 75.4164974759
Round: 229
0.849342481418 0.946524064171
1211.17684136 75.28246726
Round: 230
0.849342481418 0.946524064171
1210.10405403 75.1493806424
Round: 231
0.849628359062 0.946524064171
1209.03966843 75.017226365
Round: 232
0.849914236707 0.946524064171
1207.98311256 74.8859874572
Round: 233
0.849914236707 0.946524064171
1206.93370209 74.7556596988
Round: 234
0.849914236707 0.946524064171
1205.89211642 74.6262127893
Round: 235
0.849628359062 0.946524064171
1204.85814571 74.497638843
Round: 236
0.849628359062 0.946524064171
1203.83175784 74.3699189862
Round: 237
0.849914236707 0.946524064171
1202.81299542 74.2430538665
Round: 238
0.849914236707 0.946524064171
1201.80132489 74.1170204593
Round: 239
0.849914236707 0.946524064171
1200.79674028 73.9918153452
Round: 240
0.849914236707 0.946524064171
1199.79707225 73.8674405017
Round: 241
0.849914236707 0.946524064171
1198.80480636 73.7438566368
Round: 242
0.849914236707 0.946524064171
1197.81970189 73.6210660512
Round: 243
0.849914236707 0.946524064171
1196.84066134 73.4990789057
Round: 244
0.849914236707 0.946524064171
1195.8676458 73.3778442713
Round: 245
0.849914236707 0.946524064171
1194.90071332 73.2574023601
Round: 246
0.849914236707 0.946524064171
1193.94201999 73.1377215867
Round: 247
0.849914236707 0.946524064171
1192.98973248 73.0187656272
Round: 248
0.85077186964 0.946524064171
1192.04399199 72.9005518401
Round: 249
0.85077186964 0.946524064171
1191.10533057 72.7830537918
Round: 250
0.85077186964 0.946524064171
1190.1730351 72.6663030797
Round: 251
0.85077186964 0.946524064171
1189.24707601 72.5502981545
Round: 252
0.850485991995 0.949197860963
1188.32722855 72.4350129202
Round: 253
0.850485991995 0.949197860963
1187.41346365 72.3204370833
Round: 254
0.850485991995 0.949197860963
1186.50584673 72.2065719663
Round: 255
0.850485991995 0.949197860963
1185.60382896 72.0933881982
Round: 256
0.850485991995 0.949197860963
1184.70775949 71.9809186979
Round: 257
0.850485991995 0.949197860963
1183.81730003 71.8691762915
Round: 258
0.850200114351 0.949197860963
1182.93325066 71.7581050643
Round: 259
0.850200114351 0.949197860963
1182.05472303 71.6477426373
Round: 260
0.850200114351 0.949197860963
1181.18223751 71.5380323711
Round: 261
0.850200114351 0.949197860963
1180.31558687 71.4289879112
Round: 262
0.850200114351 0.949197860963
1179.45506859 71.3206092847
Round: 263
0.850485991995 0.949197860963
1178.60085648 71.2128985109
Round: 264
0.850485991995 0.949197860963
1177.75225174 71.1058530308
Round: 265
0.850485991995 0.949197860963
1176.90719581 70.9994799917
Round: 266
0.850485991995 0.949197860963
1176.06883371 70.893766299
Round: 267
0.850485991995 0.949197860963
1175.23688331 70.7887221984
Round: 268
0.850485991995 0.949197860963
1174.41071823 70.6843264846
Round: 269
0.85077186964 0.949197860963
1173.59070782 70.5806004308
Round: 270
0.85077186964 0.949197860963
1172.77646905 70.4775293141
Round: 271
0.85077186964 0.949197860963
1171.96858111 70.3751330459
Round: 272
0.85077186964 0.949197860963
1171.16438854 70.2733540882
Round: 273
0.85077186964 0.949197860963
1170.36610406 70.1722180012
Round: 274
0.85077186964 0.949197860963
1169.57482498 70.0717458363
Round: 275
0.85077186964 0.949197860963
1168.78817091 69.9719344727
Round: 276
0.85077186964 0.949197860963
1168.00714423 69.8727371392
Round: 277
0.85077186964 0.951871657754
1167.23136881 69.7741782513
Round: 278
0.85077186964 0.951871657754
1166.4610505 69.6762544233
Round: 279
0.85077186964 0.951871657754
1165.69620274 69.578960994
Round: 280
0.85077186964 0.951871657754
1164.93683769 69.4823093885
Round: 281
0.85077186964 0.951871657754
1164.18286144 69.3862720025
Round: 282
0.85077186964 0.951871657754
1163.43399796 69.2908394067
Round: 283
0.85077186964 0.951871657754
1162.68666004 69.1960488742
Round: 284
0.85077186964 0.951871657754
1161.94599278 69.1018840752
Round: 285
0.851057747284 0.951871657754
1161.20890976 69.0083229011
Round: 286
0.851343624929 0.951871657754
1160.47787178 68.9153701252
Round: 287
0.851343624929 0.951871657754
1159.75255922 68.8230271674
Round: 288
0.851343624929 0.951871657754
1159.03042421 68.7313129849
Round: 289
0.851343624929 0.951871657754
1158.3143096 68.640185514
Round: 290
0.851343624929 0.951871657754
1157.60390229 68.5496570554
Round: 291
0.851343624929 0.951871657754
1156.89966752 68.4597102394
Round: 292
0.851343624929 0.951871657754
1156.20034364 68.3703301492
Round: 293
0.851343624929 0.951871657754
1155.50637433 68.281564374
Round: 294
0.851343624929 0.951871657754
1154.81828209 68.1934666648
Round: 295
0.851915380217 0.951871657754
1154.13512798 68.1059304687
Round: 296
0.851915380217 0.951871657754
1153.45704155 68.0189735292
Round: 297
0.851915380217 0.951871657754
1152.78426491 67.9326114177
Round: 298
0.851915380217 0.951871657754
1152.11625798 67.8468149215
Round: 299
0.851915380217 0.951871657754
1151.45315569 67.7615957071
Round: 300
0.851915380217 0.951871657754
1150.79495556 67.6769520595
Round: 301
0.851915380217 0.951871657754
1150.14211382 67.5928498959
Round: 302
0.851915380217 0.951871657754
1149.49418189 67.5093432565
Round: 303
0.851915380217 0.951871657754
1148.85095647 67.4264068778
Round: 304
0.851915380217 0.951871657754
1148.21239812 67.3440598127
Round: 305
0.851915380217 0.951871657754
1147.57678989 67.2622863981
Round: 306
0.852201257862 0.951871657754
1146.94553058 67.1810461545
Round: 307
0.852201257862 0.951871657754
1146.31971947 67.1003345145
Round: 308
0.852201257862 0.951871657754
1145.69920012 67.0201345089
Round: 309
0.851915380217 0.951871657754
1145.08310893 66.9404927404
Round: 310
0.852201257862 0.951871657754
1144.47108373 66.8613971517
Round: 311
0.852201257862 0.951871657754
1143.86395008 66.7828349316
Round: 312
0.851915380217 0.951871657754
1143.26316197 66.7048062455
Round: 313
0.851915380217 0.951871657754
1142.66676503 66.6273038628
Round: 314
0.851915380217 0.951871657754
1142.0747067 66.550331874
Round: 315
0.851915380217 0.951871657754
1141.48698662 66.4738867801
Round: 316
0.851915380217 0.951871657754
1140.90360026 66.3979646981
Round: 317
0.851915380217 0.951871657754
1140.32487056 66.322602157
Round: 318
0.851915380217 0.951871657754
1139.7495304 66.2477318408
Round: 319
0.852201257862 0.951871657754
1139.17854746 66.1733618431
Round: 320
0.852201257862 0.951871657754
1138.61189485 66.0994965782
Round: 321
0.852201257862 0.951871657754
1138.04972519 66.0261082508
Round: 322
0.852201257862 0.951871657754
1137.49174477 65.9532301688
Round: 323
0.852201257862 0.951871657754
1136.93810893 65.8808821028
Round: 324
0.852201257862 0.954545454545
1136.38733475 65.8091070744
Round: 325
0.852201257862 0.954545454545
1135.83998848 65.7377094088
Round: 326
0.852201257862 0.954545454545
1135.29679943 65.6667835495
Round: 327
0.852487135506 0.954545454545
1134.7581577 65.596368855
Round: 328
0.852487135506 0.954545454545
1134.22315405 65.5263972929
Round: 329
0.852487135506 0.954545454545
1133.69218243 65.4569347256
Round: 330
0.85277301315 0.954545454545
1133.16308662 65.3879221857
Round: 331
0.85277301315 0.954545454545
1132.63837392 65.3193575364
Round: 332
0.85277301315 0.954545454545
1132.11788745 65.251253281
Round: 333
0.85277301315 0.954545454545
1131.60148582 65.1836082886
Round: 334
0.85277301315 0.954545454545
1131.0900863 65.1164252858
Round: 335
0.85277301315 0.954545454545
1130.58206715 65.0496892257
Round: 336
0.85277301315 0.954545454545
1130.07794936 64.983435107
Round: 337
0.853058890795 0.954545454545
1129.57732805 64.9175950053
Round: 338
0.853058890795 0.954545454545
1129.08042723 64.8521949739
Round: 339
0.853058890795 0.954545454545
1128.58743154 64.7872637285
Round: 340
0.853058890795 0.954545454545
1128.09705038 64.7227591588
Round: 341
0.853058890795 0.954545454545
1127.60987117 64.6586970219
Round: 342
0.853058890795 0.954545454545
1127.12602396 64.5950251578
Round: 343
0.853058890795 0.954545454545
1126.64579473 64.5317775008
Round: 344
0.853058890795 0.954545454545
1126.16971215 64.4689424518
Round: 345
0.853058890795 0.954545454545
1125.69694665 64.4065287113
Round: 346
0.853058890795 0.954545454545
1125.22773953 64.344535052
Round: 347
0.853058890795 0.954545454545
1124.76210743 64.2829572349
Round: 348
0.853058890795 0.954545454545
1124.30002986 64.221791716
Round: 349
0.853058890795 0.954545454545
1123.841362 64.1610702977
Round: 350
0.853058890795 0.954545454545
1123.38587225 64.1007159214
Round: 351
0.853058890795 0.954545454545
1122.93379893 64.0407609993
Round: 352
0.853058890795 0.954545454545
1122.48514141 63.981205691
Round: 353
0.853058890795 0.954545454545
1122.03985727 63.9220460326
Round: 354
0.853058890795 0.954545454545
1121.59794693 63.8632801268
Round: 355
0.853058890795 0.954545454545
1121.15939046 63.8049053941
Round: 356
0.853058890795 0.954545454545
1120.72416066 63.7469189247
Round: 357
0.853058890795 0.954545454545
1120.29223054 63.6893178653
Round: 358
0.853058890795 0.954545454545
1119.86357306 63.6320994162
Round: 359
0.853058890795 0.954545454545
1119.43580476 63.5752159009
Round: 360
0.853058890795 0.954545454545
1119.0097524 63.5187210085
Round: 361
0.853058890795 0.954545454545
1118.58833489 63.462673794
Round: 362
0.853058890795 0.954545454545
1118.17029301 63.4069584784
Round: 363
0.853058890795 0.954545454545
1117.75562348 63.3516103916
Round: 364
0.853058890795 0.954545454545
1117.3442276 63.2966289463
Round: 365
0.853058890795 0.954545454545
1116.93603788 63.242010899
Round: 366
0.853058890795 0.954545454545
1116.53100294 63.1877531354
Round: 367
0.853058890795 0.954545454545
1116.12907897 63.1338527926
Round: 368
0.853058890795 0.954545454545
1115.73022646 63.0803071652
Round: 369
0.853058890795 0.954545454545
1115.33440872 63.0271136381
Round: 370
0.853344768439 0.954545454545
1114.94150479 62.9742644418
Round: 371
0.853344768439 0.954545454545
1114.55159472 62.9217659054
Round: 372
0.853344768439 0.954545454545
1114.16463106 62.8696124623
Round: 373
0.853344768439 0.954545454545
1113.78034749 62.8177905487
Round: 374
0.853344768439 0.954545454545
1113.39901946 62.7663164699
Round: 375
0.853344768439 0.954545454545
1113.02057246 62.7151804334
Round: 376
0.853344768439 0.954545454545
1112.64229093 62.6643593198
Round: 377
0.853344768439 0.954545454545
1112.26808649 62.6138841352
Round: 378
0.853344768439 0.954545454545
1111.8970296 62.5637411826
Round: 379
0.853344768439 0.954545454545
1111.52889902 62.5139267751
Round: 380
0.853344768439 0.954545454545
1111.16359658 62.4644379325
Round: 381
0.853344768439 0.954545454545
1110.80106004 62.4152719342
Round: 382
0.853630646083 0.954545454545
1110.4412421 62.3664262253
Round: 383
0.853630646083 0.954545454545
1110.08410322 62.3178983562
Round: 384
0.853630646083 0.954545454545
1109.72960841 62.2696859448
Round: 385
0.853630646083 0.954545454545
1109.37525244 62.221804545
Round: 386
0.853630646083 0.954545454545
1109.020422 62.1741878173
Round: 387
0.853630646083 0.954545454545
1108.66932827 62.1269040635
Round: 388
0.853630646083 0.954545454545
1108.32141559 62.0799260489
Round: 389
0.853630646083 0.954545454545
1107.97645956 62.0332505291
Round: 390
0.853630646083 0.954545454545
1107.63431595 61.9868758184
Round: 391
0.853630646083 0.954545454545
1107.29203079 61.9408049177
Round: 392
0.853630646083 0.954545454545
1106.95305096 61.8950224344
Round: 393
0.853630646083 0.954545454545
1106.61709978 61.8495320203
Round: 394
0.853630646083 0.954545454545
1106.28395653 61.8043334293
Round: 395
0.853630646083 0.954545454545
1105.95348206 61.7594252441
Round: 396
0.853630646083 0.954545454545
1105.62304721 61.714806921
Round: 397
0.853630646083 0.954545454545
1105.29885204 61.6703990891
Round: 398
0.853630646083 0.954545454545
1104.97597753 61.6262559345
Round: 399
0.853630646083 0.954545454545
1104.65452348 61.5824316906
Round: 400
0.853916523728 0.954545454545
1104.33559124 61.5389020907
Round: 401
0.853916523728 0.954545454545
1104.01893801 61.4956501954
Round: 402
0.853916523728 0.954545454545
1103.70064313 61.4526087451
Round: 403
0.854202401372 0.954545454545
1103.38615524 61.4098874887
Round: 404
0.854202401372 0.954545454545
1103.07324762 61.367452706
Round: 405
0.854202401372 0.954545454545
1102.76276806 61.325257789
Round: 406
0.854202401372 0.954545454545
1102.45481102 61.2833343413
Round: 407
0.854202401372 0.954545454545
1102.14927798 61.2416822432
Round: 408
0.854202401372 0.954545454545
1101.84609522 61.2002988868
Round: 409
0.854202401372 0.954545454545
1101.54520736 61.1591816791
Round: 410
0.854202401372 0.954545454545
1101.24656836 61.1183282403
Round: 411
0.854202401372 0.954545454545
1100.95013753 61.0777363636
Round: 412
0.854202401372 0.954545454545
1100.65587773 61.0374039656
Round: 413
0.854202401372 0.954545454545
1100.36375452 60.9973290522
Round: 414
0.854202401372 0.954545454545
1100.07373559 60.9575096956
Round: 415
0.854202401372 0.954545454545
1099.78490767 60.9179589511
Round: 416
0.854202401372 0.954545454545
1099.49811351 60.8786383974
Round: 417
0.854202401372 0.954545454545
1099.21341744 60.8395668107
Round: 418
0.854202401372 0.954545454545
1098.93077181 60.8007441452
Round: 419
0.854202401372 0.954545454545
1098.65013729 60.7621686263
Round: 420
0.854202401372 0.954545454545
1098.37148206 60.7238383562
Round: 421
0.854202401372 0.954545454545
1098.09511669 60.6856889966
Round: 422
0.854202401372 0.954545454545
1097.81884761 60.6478383129
Round: 423
0.854202401372 0.954545454545
1097.54435678 60.6101934529
Round: 424
0.854202401372 0.954545454545
1097.27184645 60.5727873054
Round: 425
0.854202401372 0.954545454545
1097.00127915 60.5356205516
Round: 426
0.854488279017 0.954545454545
1096.73261766 60.4986911542
Round: 427
0.854488279017 0.954545454545
1096.46500355 60.4620009365
Round: 428
0.854488279017 0.954545454545
1096.19941592 60.4255382429
Round: 429
0.854488279017 0.954545454545
1095.93603981 60.3893239779
Round: 430
0.854488279017 0.954545454545
1095.67454755 60.3533294952
Round: 431
0.854488279017 0.954545454545
1095.41491029 60.317559052
Round: 432
0.854488279017 0.954545454545
1095.15706807 60.2820128316
Round: 433
0.854774156661 0.954545454545
1094.90098183 60.246690019
Round: 434
0.854774156661 0.954545454545
1094.64765012 60.211600332
Round: 435
0.854774156661 0.954545454545
1094.39565284 60.1767254093
Round: 436
0.854774156661 0.954545454545
1094.14516613 60.1420670062
Round: 437
0.854774156661 0.954545454545
1093.89635656 60.107645675
Round: 438
0.854774156661 0.954545454545
1093.64910698 60.0734328468
Round: 439
0.854774156661 0.954545454545
1093.40338611 60.039429226
Round: 440
0.854774156661 0.954545454545
1093.15921767 60.0056369839
Round: 441
0.854774156661 0.954545454545
1092.91660969 59.9720563355
Round: 442
0.854774156661 0.954545454545
1092.67555989 59.9386866782
Round: 443
0.855060034305 0.954545454545
1092.43606075 59.9055270548
Round: 444
0.855060034305 0.954545454545
1092.19810214 59.8725763441
Round: 445
0.854774156661 0.954545454545
1091.96086466 59.8397916602
Round: 446
0.854774156661 0.954545454545
1091.7255411 59.807252289
Round: 447
0.854774156661 0.954545454545
1091.49187369 59.7749221492
Round: 448
0.854774156661 0.954545454545
1091.25864935 59.742820933
Round: 449
0.854774156661 0.954545454545
1091.02703648 59.7108982737
Round: 450
0.854774156661 0.954545454545
1090.79699443 59.6791735477
Round: 451
0.854774156661 0.954545454545
1090.5685454 59.6476491146
Round: 452
0.854774156661 0.954545454545
1090.34167032 59.6163241829
Round: 453
0.854774156661 0.954545454545
1090.11633936 59.585197409
Round: 454
0.854774156661 0.954545454545
1089.89252323 59.5542674117
Round: 455
0.854774156661 0.954545454545
1089.67019571 59.5235328641
Round: 456
0.854774156661 0.954545454545
1089.44933371 59.4929924984
Round: 457
0.854774156661 0.954545454545
1089.23200193 59.4626750421
Round: 458
0.854774156661 0.954545454545
1089.01519423 59.4325317805
Round: 459
0.854774156661 0.954545454545
1088.79940277 59.4025695311
Round: 460
0.854774156661 0.954545454545
1088.58482265 59.3727924031
Round: 461
0.854774156661 0.954545454545
1088.37153543 59.343201686
Round: 462
0.854774156661 0.954545454545
1088.15926402 59.3138145942
Round: 463
0.854774156661 0.954545454545
1087.94903671 59.2845648571
Round: 464
0.854774156661 0.954545454545
1087.74001371 59.2555041033
Round: 465
0.854774156661 0.954545454545
1087.53219937 59.2266363512
Round: 466
0.854774156661 0.954545454545
1087.32563093 59.1979568785
Round: 467
0.854774156661 0.954545454545
1087.12032814 59.169462494
Round: 468
0.854774156661 0.954545454545
1086.91629964 59.1411510752
Round: 469
0.854488279017 0.954545454545
1086.71354739 59.1130210094
Round: 470
0.854488279017 0.954545454545
1086.51206922 59.0850709342
Round: 471
0.854488279017 0.954545454545
1086.31186035 59.0572996256
Round: 472
0.854488279017 0.954545454545
1086.11291439 59.0297059451
Round: 473
0.854488279017 0.954545454545
1085.91497697 59.0022588527
Round: 474
0.854488279017 0.954545454545
1085.7183472 58.9750051592
Round: 475
0.854488279017 0.954545454545
1085.52302246 58.9479304064
Round: 476
0.854488279017 0.954545454545
1085.32897225 58.921030672
Round: 477
0.854488279017 0.954545454545
1085.13617417 58.894304127
Round: 478
0.854488279017 0.954545454545
1084.9446112 58.8677495018
Round: 479
0.854488279017 0.954545454545
1084.75426936 58.8413657286
Round: 480
0.854488279017 0.954545454545
1084.56513654 58.8151518312
Round: 481
0.854488279017 0.954545454545
1084.37720189 58.7891068829
Round: 482
0.854488279017 0.954545454545
1084.19045553 58.7632299869
Round: 483
0.854488279017 0.954545454545
1084.00488824 58.7375202674
Round: 484
0.854488279017 0.954545454545
1083.82049131 58.7119768641
Round: 485
0.854488279017 0.954545454545
1083.63725646 58.6865989299
Round: 486
0.854488279017 0.954545454545
1083.45483873 58.6613793345
Round: 487
0.854488279017 0.954545454545
1083.2737636 58.6363290409
Round: 488
0.854488279017 0.954545454545
1083.09387522 58.611442851
Round: 489
0.854488279017 0.954545454545
1082.91513915 58.5867192494
Round: 490
0.854488279017 0.954545454545
1082.73754128 58.562157221
Round: 491
0.854488279017 0.954545454545
1082.56107187 58.5377558789
Round: 492
0.854488279017 0.954545454545
1082.38679368 58.5135312589
Round: 493
0.854488279017 0.954545454545
1082.21317096 58.489449163
Round: 494
0.854488279017 0.954545454545
1082.04053472 58.4655226481
Round: 495
0.854488279017 0.954545454545
1081.86894484 58.4417528923
Round: 496
0.854488279017 0.954545454545
1081.69841374 58.4181396477
Round: 497
0.854488279017 0.954545454545
1081.52894294 58.3946823773
Round: 498
0.854488279017 0.954545454545
1081.36053078 58.3713804503
Round: 499
0.854488279017 0.954545454545
1081.19317439 58.3482331983
Round: 500
0.854488279017 0.954545454545
1081.02687039 58.3252399379
Round: 501
0.854488279017 0.954545454545
1080.86161513 58.302399982
Round: 502
0.854488279017 0.954545454545
1080.69740478 58.2797126453
Round: 503
0.854488279017 0.954545454545
1080.53569367 58.2571468598
Round: 504
0.854488279017 0.954545454545
1080.37501203 58.2347648023
Round: 505
0.854202401372 0.954545454545
1080.21521419 58.2125369475
Round: 506
0.854202401372 0.954545454545
1080.05633089 58.1904592349
Round: 507
0.854202401372 0.954545454545
1079.89839203 58.1685305678
Round: 508
0.854488279017 0.954545454545
1079.74141364 58.1467502956
Round: 509
0.854488279017 0.954545454545
1079.5854033 58.1251178345
Round: 510
0.854488279017 0.954545454545
1079.43036432 58.1036326061
Round: 511
0.854488279017 0.954545454545
1079.27629793 58.0822940303
Round: 512
0.854488279017 0.954545454545
1079.12320429 58.0611015263
Round: 513
0.854488279017 0.954545454545
1078.97108295 58.0400545155
Round: 514
0.854488279017 0.954545454545
1078.82464863 58.0191883519
Round: 515
0.854488279017 0.954545454545
1078.67806133 57.9984468489
Round: 516
0.854488279017 0.954545454545
1078.53163954 57.9778379373
Round: 517
0.854488279017 0.954545454545
1078.38571546 57.9573666025
Round: 518
0.854488279017 0.954545454545
1078.2404663 57.9370351621
Round: 519
0.854488279017 0.954545454545
1078.09598293 57.9168445462
Round: 520
0.854488279017 0.954545454545
1077.95231521 57.896794998
Round: 521
0.854488279017 0.954545454545
1077.80949322 57.8768864082
Round: 522
0.854488279017 0.954545454545
1077.66753682 57.8571184807
Round: 523
0.854488279017 0.954545454545
1077.52646007 57.8374908202
Round: 524
0.854488279017 0.954545454545
1077.38627344 57.8180029806
Round: 525
0.854488279017 0.954545454545
1077.24698504 57.7986544924
Round: 526
0.854488279017 0.954545454545
1077.10860129 57.7794448782
Round: 527
0.854774156661 0.954545454545
1076.97112737 57.7603736619
Round: 528
0.854774156661 0.954545454545
1076.83456749 57.7414403734
Round: 529
0.854774156661 0.954545454545
1076.69892518 57.722644552
Round: 530
0.854774156661 0.954545454545
1076.56420337 57.7039857471
Round: 531
0.854774156661 0.954545454545
1076.43040458 57.6854635201
Round: 532
0.854774156661 0.954545454545
1076.29753096 57.6670774441
Round: 533
0.854774156661 0.954545454545
1076.16558443 57.6488271041
Round: 534
0.854774156661 0.954545454545
1076.03456669 57.6307120976
Round: 535
0.854774156661 0.954545454545
1075.90447932 57.6127320345
Round: 536
0.854774156661 0.954545454545
1075.77532377 57.594886537
Round: 537
0.854774156661 0.954545454545
1075.64710148 57.5771752396
Round: 538
0.854774156661 0.954545454545
1075.52009596 57.5596064468
Round: 539
0.854774156661 0.954545454545
1075.39412827 57.5421782735
Round: 540
0.854774156661 0.954545454545
1075.26241511 57.5247338136
Round: 541
0.854774156661 0.954545454545
1075.13458706 57.5075410327
Round: 542
0.854774156661 0.954545454545
1075.00855255 57.4905033487
Round: 543
0.854774156661 0.954545454545
1074.88379688 57.4736038322
Round: 544
0.854774156661 0.954545454545
1074.76016359 57.4568380516
Round: 545
0.854774156661 0.954545454545
1074.63759549 57.4402042566
Round: 546
0.854774156661 0.954545454545
1074.51606749 57.4237015432
Round: 547
0.854488279017 0.954545454545
1074.39564769 57.4073408449
Round: 548
0.854488279017 0.954545454545
1074.27612089 57.3911019208
Round: 549
0.854488279017 0.954545454545
1074.15764522 57.3749911154
Round: 550
0.854488279017 0.954545454545
1074.04023419 57.3590097913
Round: 551
0.854488279017 0.954545454545
1073.92858471 57.3432352411
Round: 552
0.854488279017 0.954545454545
1073.81735461 57.3275403783
Round: 553
0.854488279017 0.954545454545
1073.70536896 57.3120224042
Round: 554
0.854488279017 0.954545454545
1073.59477366 57.2965980459
Round: 555
0.854488279017 0.954545454545
1073.48523589 57.2812915602
Round: 556
0.854488279017 0.954545454545
1073.376659 57.2661098916
Round: 557
0.854488279017 0.954545454545
1073.26272836 57.2509677029
Round: 558
0.854488279017 0.954545454545
1073.15057832 57.2360225665
Round: 559
0.854488279017 0.954545454545
1073.03971503 57.2212120364
Round: 560
0.854488279017 0.954545454545
1072.93359097 57.2064436933
Round: 561
0.854488279017 0.954545454545
1072.82894955 57.1918929725
Round: 562
0.854488279017 0.954545454545
1072.72530421 57.1774829061
Round: 563
0.854488279017 0.954545454545
1072.62215079 57.1631926327
Round: 564
0.854488279017 0.954545454545
1072.5204047 57.1490556839
Round: 565
0.854488279017 0.954545454545
1072.41972061 57.1350455161
Round: 566
0.854488279017 0.954545454545
1072.32003468 57.1211609508
Round: 567
0.854488279017 0.954545454545
1072.22134558 57.1074032773
Round: 568
0.854488279017 0.954545454545
1072.12366527 57.0937736735
Round: 569
0.854488279017 0.954545454545
1072.02700697 57.0802730395
Round: 570
0.854488279017 0.954545454545
1071.93138285 57.0669020872
Round: 571
0.854488279017 0.954545454545
1071.83680415 57.0536614175
Round: 572
0.854488279017 0.954545454545
1071.74328161 57.0405515709
Round: 573
0.854488279017 0.954545454545
1071.6508258 57.0275730587
Round: 574
0.854488279017 0.954545454545
1071.55944744 57.0147263836
Round: 575
0.854488279017 0.954545454545
1071.46915755 57.0020120535
Round: 576
0.854488279017 0.954545454545
1071.37996755 56.9894305916
Round: 577
0.854488279017 0.954545454545
1071.29868663 56.9769058496
Round: 578
0.854488279017 0.954545454545
1071.22115745 56.9646465969
Round: 579
0.854488279017 0.954545454545
1071.14293698 56.9524948128
Round: 580
0.854488279017 0.954545454545
1071.06467667 56.9404614689
Round: 581
0.854488279017 0.954545454545
1070.9868104 56.9285566488
Round: 582
0.854488279017 0.954545454545
1070.90961008 56.9167854629
Round: 583
0.854488279017 0.954545454545
1070.8332458 56.905150678
Round: 584
0.854488279017 0.954545454545
1070.75782795 56.8936540222
Round: 585
0.854488279017 0.954545454545
1070.6834328 56.8822967694
Round: 586
0.854488279017 0.954545454545
1070.6055337 56.87100201
Round: 587
0.854488279017 0.954545454545
1070.52951727 56.8599196409
Round: 588
0.854488279017 0.954545454545
1070.45512709 56.8489872946
Round: 589
0.854488279017 0.954545454545
1070.38228203 56.8382003212
Round: 590
0.854488279017 0.954545454545
1070.31318799 56.8274350871
Round: 591
0.854488279017 0.954545454545
1070.24548519 56.8169197393
Round: 592
0.854488279017 0.954545454545
1070.17983651 56.8066728508
Round: 593
0.854488279017 0.954545454545
1070.11528752 56.7965281128
Round: 594
0.854488279017 0.954545454545
1070.05206758 56.7865101024
Round: 595
0.854488279017 0.954545454545
1069.99029514 56.7766343223
Round: 596
0.854488279017 0.954545454545
1069.92979973 56.7669269448
Round: 597
0.854488279017 0.954545454545
1069.87134898 56.7573745905
Round: 598
0.854488279017 0.954545454545
1069.82107814 56.7480499425
Round: 599
0.854488279017 0.954545454545
1069.7730959 56.7389693607
(0.8544882790165809, [[325, 294, 451, 415, 372, 172, 423, 294, 364, 388], [325, 294, 451, 415, 372, 172, 423, 294, 364, 388], [325, 294, 451, 415, 372, 172, 423, 294, 364, 388], [325, 294, 451, 415, 372, 172, 423, 294, 364, 388], [325, 294, 451, 415, 372, 172, 423, 294, 364, 388], [325, 294, 451, 415, 372, 172, 423, 294, 364, 388], [325, 294, 451, 415, 372, 172, 423, 294, 364, 388], [325, 294, 451, 415, 372, 172, 423, 294, 364, 388], [325, 294, 451, 415, 372, 172, 423, 294, 364, 388], [325, 294, 451, 415, 372, 172, 423, 294, 364, 388]]) (0.9545454545454546, [[45, 30, 48, 36, 44, 22, 40, 42, 24, 43], [45, 30, 48, 36, 44, 22, 40, 42, 24, 43], [45, 30, 48, 36, 44, 22, 40, 42, 24, 43], [45, 30, 48, 36, 44, 22, 40, 42, 24, 43], [45, 30, 48, 36, 44, 22, 40, 42, 24, 43], [45, 30, 48, 36, 44, 22, 40, 42, 24, 43], [45, 30, 48, 36, 44, 22, 40, 42, 24, 43], [45, 30, 48, 36, 44, 22, 40, 42, 24, 43], [45, 30, 48, 36, 44, 22, 40, 42, 24, 43], [45, 30, 48, 36, 44, 22, 40, 42, 24, 43]])
