374
Round: 0
0.103773584906 0.114973262032
8150.49221772 887.6926961
Round: 1
0.176958261864 0.229946524064
6368.59635798 687.36461088
Round: 2
0.279874213836 0.320855614973
5044.57907179 545.423007021
Round: 3
0.452544311035 0.438502673797
4359.30194401 468.877583099
Round: 4
0.536592338479 0.542780748663
3966.42358981 424.464261729
Round: 5
0.594339622642 0.625668449198
3710.55825962 395.995300206
Round: 6
0.61978273299 0.649732620321
3471.6118845 370.167358395
Round: 7
0.648084619783 0.681818181818
3217.63632013 342.685151931
Round: 8
0.693253287593 0.743315508021
2967.16273358 314.777875856
Round: 9
0.72384219554 0.772727272727
2742.47378694 289.189213831
Round: 10
0.748999428245 0.794117647059
2549.65949002 266.999662324
Round: 11
0.765008576329 0.804812834225
2387.95388188 248.249731722
Round: 12
0.773013150372 0.818181818182
2255.70588642 232.82897536
Round: 13
0.778730703259 0.818181818182
2149.63312294 220.407455449
Round: 14
0.783590623213 0.823529411765
2064.73742486 210.425913733
Round: 15
0.78730703259 0.823529411765
1995.81294715 202.277758023
Round: 16
0.791023441967 0.823529411765
1938.57770558 195.454754576
Round: 17
0.7918810749 0.828877005348
1889.90786939 189.586934062
Round: 18
0.794739851344 0.831550802139
1847.62249325 184.4220016
Round: 19
0.798170383076 0.839572192513
1810.20448975 179.790742139
Round: 20
0.799313893654 0.842245989305
1776.58708763 175.578126187
Round: 21
0.800457404231 0.850267379679
1746.00863681 171.703579629
Round: 22
0.802458547742 0.852941176471
1717.91430158 168.108538918
Round: 23
0.803316180675 0.858288770053
1691.88948469 164.748827306
Round: 24
0.804459691252 0.860962566845
1667.61578319 161.590019868
Round: 25
0.805317324185 0.866310160428
1644.84264019 158.604618311
Round: 26
0.806746712407 0.868983957219
1623.36929474 155.770311653
Round: 27
0.807318467696 0.871657754011
1603.03313005 153.068884539
Round: 28
0.808176100629 0.871657754011
1583.7018742 150.485506625
Round: 29
0.809605488851 0.871657754011
1565.26809802 148.00823804
Round: 30
0.810748999428 0.871657754011
1547.64508775 145.627647644
Round: 31
0.811892510006 0.871657754011
1530.76354585 143.336480573
Round: 32
0.812750142939 0.874331550802
1514.56879333 141.129339338
Round: 33
0.814751286449 0.874331550802
1499.01828093 139.002363039
Round: 34
0.815608919383 0.874331550802
1484.07930509 136.952903881
Round: 35
0.817038307604 0.877005347594
1469.72688777 134.979209731
Round: 36
0.817610062893 0.882352941176
1455.94182358 133.080126172
Round: 37
0.819897084048 0.882352941176
1442.70892453 131.254831926
Round: 38
0.820468839337 0.887700534759
1430.01550169 129.502618667
Round: 39
0.820468839337 0.887700534759
1417.85011675 127.822721468
Round: 40
0.820754716981 0.887700534759
1406.20161952 126.21420077
Round: 41
0.82132647227 0.887700534759
1395.05846608 124.675872096
Round: 42
0.821898227559 0.887700534759
1384.40829272 123.206276392
Round: 43
0.822184105203 0.887700534759
1374.23770661 121.803682116
Round: 44
0.823041738136 0.887700534759
1364.53224675 120.466109956
Round: 45
0.82332761578 0.887700534759
1355.27646808 119.191371784
Round: 46
0.823899371069 0.890374331551
1346.4541056 117.977116879
Round: 47
0.825328759291 0.890374331551
1338.04828239 116.82088007
Round: 48
0.825328759291 0.890374331551
1330.04173322 115.720128012
Round: 49
0.825614636935 0.890374331551
1322.41702364 114.672301202
Round: 50
0.825328759291 0.890374331551
1315.15675118 113.674850387
Round: 51
0.82590051458 0.890374331551
1308.24372096 112.725266866
Round: 52
0.825614636935 0.890374331551
1301.66109238 111.821106709
Round: 53
0.826758147513 0.890374331551
1295.39249651 110.960009297
Round: 54
0.827329902802 0.890374331551
1289.42212588 110.139710784
Round: 55
0.82790165809 0.890374331551
1283.73479936 109.358053182
Round: 56
0.828187535735 0.890374331551
1278.31600572 108.612989767
Round: 57
0.829331046312 0.890374331551
1273.15192909 107.902587515
Round: 58
0.829331046312 0.893048128342
1268.22945993 107.225027178
Round: 59
0.829616923957 0.893048128342
1263.53619439 106.578601543
Round: 60
0.829616923957 0.893048128342
1259.06042479 105.961712363
Round: 61
0.830760434534 0.893048128342
1254.79112351 105.37286634
Round: 62
0.831046312178 0.893048128342
1250.71792208 104.810670476
Round: 63
0.831903945111 0.893048128342
1246.8310871 104.273827054
Round: 64
0.832189822756 0.893048128342
1243.12149398 103.761128444
Round: 65
0.831903945111 0.893048128342
1239.58059976 103.27145189
Round: 66
0.831903945111 0.893048128342
1236.20041532 102.803754379
Round: 67
0.831332189823 0.895721925134
1232.97347784 102.357067687
Round: 68
0.831332189823 0.895721925134
1229.89282365 101.930493636
Round: 69
0.831618067467 0.895721925134
1226.95196177 101.523199621
Round: 70
0.831618067467 0.898395721925
1224.1448483 101.134414394
Round: 71
0.831618067467 0.898395721925
1221.4658617 100.763424137
Round: 72
0.831903945111 0.898395721925
1218.9097789 100.409568792
Round: 73
0.832189822756 0.898395721925
1216.47175224 100.072238647
Round: 74
0.832189822756 0.898395721925
1214.14728703 99.7508711548
Round: 75
0.832761578045 0.898395721925
1211.93221972 99.4449479411
Round: 76
0.832761578045 0.898395721925
1209.82269627 99.1539919876
Round: 77
0.833619210978 0.898395721925
1207.81515078 98.8775649314
Round: 78
0.833619210978 0.898395721925
1205.9062839 98.6152644488
Round: 79
0.833905088622 0.898395721925
1204.09304096 98.3667216693
Round: 80
0.833905088622 0.898395721925
1202.37258954 98.1315985751
Round: 81
0.834190966266 0.898395721925
1200.74229631 97.9095853377
Round: 82
0.834190966266 0.898395721925
1199.19970317 97.7003975533
Round: 83
0.834476843911 0.898395721925
1197.74250278 97.5037733547
Round: 84
0.834762721555 0.898395721925
1196.36851406 97.3194704005
Round: 85
0.834762721555 0.901069518717
1195.0756584 97.1472627864
Round: 86
0.834190966266 0.901069518717
1193.86193829 96.9869379723
Round: 87
0.834190966266 0.901069518717
1192.72542034 96.838293888
Round: 88
0.834476843911 0.901069518717
1191.66422589 96.7011364479
Round: 89
0.8350485992 0.901069518717
1190.67653267 96.575277766
Round: 90
0.8350485992 0.901069518717
1189.76059177 96.4605353874
Round: 91
0.8350485992 0.901069518717
1188.91476385 96.3567328197
Round: 92
0.8350485992 0.901069518717
1188.13757815 96.2637015244
Round: 93
0.835334476844 0.901069518717
1187.42781654 96.1812843155
Round: 94
0.835334476844 0.901069518717
1186.78462398 96.1093398219
Round: 95
0.835334476844 0.901069518717
1186.20764741 96.0477473803
Round: 96
0.835334476844 0.901069518717
1185.69720973 95.9964115433
Round: 97
0.835334476844 0.901069518717
1185.25453937 95.9552654838
Round: 98
0.835334476844 0.901069518717
1184.88210819 95.9242732352
Round: 99
0.835334476844 0.901069518717
1184.58420458 95.9034327469
(0.8353344768439108, array([[ 309.,    0.,    0.,    0.,    0.,    0.,   30.,    0.,   24.,
           0.],
       [   0.,  155.,  132.,    3.,    1.,    0.,    2.,   12.,   59.,
           0.],
       [   0.,    7.,  353.,    0.,    0.,    0.,    0.,    4.,    0.,
           0.],
       [   0.,    1.,    0.,  326.,    1.,    0.,    0.,    3.,    0.,
           5.],
       [   0.,    0.,    1.,    1.,  307.,    0.,   14.,    3.,    0.,
          38.],
       [   0.,    0.,    0.,   45.,    0.,  166.,   20.,    0.,    2.,
         102.],
       [   0.,    0.,    0.,    0.,    0.,    0.,  329.,    0.,    7.,
           0.],
       [   0.,   14.,    0.,    1.,    4.,    0.,    0.,  330.,    3.,
          12.],
       [  14.,    0.,    0.,    0.,    0.,    1.,    0.,    0.,  321.,
           0.],
       [   0.,    3.,    0.,    5.,    0.,    0.,    0.,    1.,    1.,
         326.]])) (0.9010695187165776, array([[ 40.,   1.,   0.,   0.,   0.,   0.,   0.,   0.,   2.,   0.],
       [  0.,  18.,   5.,   0.,   0.,   0.,   0.,   0.,   1.,   1.],
       [  0.,   0.,  37.,   0.,   0.,   0.,   0.,   1.,   0.,   0.],
       [  0.,   0.,   0.,  41.,   0.,   0.,   0.,   0.,   0.,   1.],
       [  0.,   0.,   0.,   0.,  25.,   0.,   1.,   0.,   0.,   1.],
       [  0.,   0.,   0.,   5.,   0.,  20.,   3.,   0.,   0.,  13.],
       [  0.,   0.,   0.,   0.,   0.,   0.,  34.,   0.,   0.,   0.],
       [  0.,   0.,   0.,   0.,   0.,   